0	76	118	92	12	5	86	68	58	24	7	44	4	
1	108	118	76	28	70	22	83	68	24	90	119	10	
2	92	85	38	18	39	68	51	15	80	32	56	87	
3	70	93	5	19	91	32	45	83	115	46	18	84	
4	65	94	37	86	11	13	39	6	49	102	15	60	
5	51	62	24	90	83	4	18	70	12	25	23	73	
6	5	48	33	118	28	16	27	58	97	113	21	30	
7	26	22	20	1	36	73	57	45	96	118	98	29	
8	30	24	62	113	91	32	115	28	97	47	67	3	
9	40	21	54	84	79	17	7	113	77	22	60	59	
10	80	13	59	103	53	45	9	28	60	6	31	110	
11	9	8	79	94	78	97	67	72	29	40	54	116	
12	83	71	112	114	119	8	104	82	4	38	93	74	
13	99	23	22	57	5	33	12	47	59	27	30	78	
14	31	46	109	84	107	86	23	11	53	61	37	114	
15	58	78	107	88	29	50	81	55	42	22	69	63	
16	45	83	86	101	49	72	71	54	15	81	43	104	
17	87	100	43	93	34	108	98	92	50	48	71	74	
18	87	115	79	54	4	65	97	96	103	118	13	95	
19	21	14	107	96	28	38	72	110	94	10	91	51	
20	28	105	39	54	25	110	118	49	80	85	46	74	
21	4	19	49	18	113	112	15	57	92	59	105	64	
22	45	29	42	18	4	46	10	107	114	39	61	54	
23	49	78	1	4	106	31	7	91	119	40	21	77	
24	51	62	97	102	17	89	69	10	49	12	91	108	
25	114	119	94	106	112	113	23	17	15	24	97	32	
26	83	52	95	12	35	96	36	94	67	97	85	48	
27	105	54	25	78	15	49	48	83	16	13	42	41	
28	118	7	25	93	20	58	50	8	6	64	101	75	
29	57	65	59	80	101	12	17	88	108	89	31	0	
30	80	104	12	41	75	35	57	66	32	60	25	93	
31	101	0	56	117	75	119	12	63	15	23	44	4	
32	29	98	86	28	73	11	91	6	44	72	56	103	
33	47	119	6	53	55	93	100	42	48	77	49	41	
34	30	101	118	50	55	100	32	17	11	78	9	60	
35	86	102	58	112	97	33	17	99	43	118	51	44	
36	39	108	54	1	100	62	93	84	71	63	30	3	
37	98	13	112	51	3	91	78	15	115	106	53	73	
38	48	13	111	117	20	83	36	94	69	99	35	109	
39	81	26	4	67	86	58	64	114	54	32	8	22	
40	53	74	9	82	70	13	105	20	37	63	28	18	
41	12	88	86	8	107	44	16	111	98	3	81	66	
42	78	114	113	85	25	3	103	18	64	97	98	73	
43	114	21	9	28	80	62	53	17	37	57	16	98	
44	42	1	100	11	55	31	94	15	52	54	46	29	
45	28	30	70	91	47	7	1	81	31	33	119	53	
46	33	14	5	100	30	34	42	78	13	64	60	15	
47	26	87	90	55	48	105	100	83	59	73	98	22	
48	51	52	22	12	4	69	20	111	60	84	49	102	
49	101	7	58	34	68	4	31	107	80	117	32	27	
50	39	109	86	33	37	18	21	24	15	99	112	57	
51	7	36	54	71	24	48	65	117	94	19	77	61	
52	111	83	58	119	16	32	98	20	60	30	17	45	
53	54	49	77	8	118	66	84	115	70	81	6	103	
54	103	0	44	39	50	34	96	119	40	114	75	57	
55	85	94	36	64	73	22	90	83	21	11	53	60	
56	28	21	115	96	72	78	51	13	85	24	89	101	
57	103	15	34	105	110	109	88	42	45	24	52	33	
58	2	89	53	32	9	24	28	65	43	45	17	48	
59	33	76	6	65	35	87	71	44	39	1	61	109	
60	26	45	105	11	57	88	46	81	16	98	95	110	
61	10	77	20	7	34	71	33	59	81	21	112	88	
62	88	81	9	52	113	102	22	49	112	84	94	73	
63	119	34	109	42	68	43	108	39	21	16	82	30	
64	9	50	33	90	70	32	106	99	17	38	15	2	
65	89	85	14	26	112	94	10	20	39	9	110	95	
66	17	22	85	70	19	60	112	1	6	80	5	106	
67	19	103	113	31	60	7	76	69	53	11	88	105	
68	41	69	47	116	22	14	54	8	92	83	96	101	
69	38	94	114	107	97	7	80	0	45	6	28	62	
70	103	64	107	109	48	46	66	62	19	50	102	17	
71	59	68	50	0	111	56	16	103	100	46	82	61	
72	10	83	0	91	27	70	52	109	34	22	61	23	
73	82	33	99	69	80	47	56	62	42	75	84	41	
74	61	51	13	96	76	114	52	22	30	75	27	59	
75	27	81	72	118	68	44	51	60	70	61	36	22	
76	34	101	55	109	88	58	15	47	40	85	68	36	
77	41	47	73	18	92	84	49	40	20	87	16	59	
78	60	48	86	103	29	28	24	106	61	118	117	1	
79	95	85	73	8	14	49	112	69	64	97	1	111	
80	33	85	21	95	68	0	79	82	40	102	78	44	
81	49	36	83	47	35	39	51	32	99	106	103	6	
82	55	53	87	51	25	45	118	106	78	69	74	94	
83	95	21	1	62	117	86	4	16	89	114	84	65	
84	44	13	25	55	71	62	14	83	101	0	46	96	
85	83	32	73	49	51	56	82	10	9	36	24	39	
86	73	47	0	24	13	34	49	45	94	17	113	50	
87	67	108	4	42	95	63	16	37	24	109	77	47	
88	48	76	109	117	68	81	3	115	53	49	5	86	
89	33	45	103	91	101	40	64	25	112	95	54	20	
90	11	108	99	50	10	103	95	7	93	63	114	19	
91	42	51	49	40	100	110	99	113	103	88	18	32	
92	94	117	23	27	111	78	2	63	32	0	51	56	
93	73	99	49	8	42	94	97	62	55	81	16	65	
94	4	77	12	86	54	89	35	100	32	80	47	74	
95	107	5	31	55	15	0	33	79	45	100	59	69	
96	41	7	105	33	12	54	88	76	93	46	2	32	
97	98	74	37	35	38	92	108	27	32	39	2	65	
98	6	45	29	8	28	51	31	73	46	80	91	38	
99	6	11	81	91	49	5	32	112	67	52	86	27	
100	1	94	68	60	64	106	14	37	45	116	57	66	
101	108	71	109	5	12	112	118	98	104	100	88	62	
102	58	51	47	19	46	97	1	115	109	106	98	70	
103	74	21	65	16	76	72	54	9	70	7	58	119	
104	96	84	116	45	53	28	80	14	74	66	43	73	
105	96	103	20	3	85	30	1	76	10	29	74	100	
106	66	91	39	89	102	0	19	35	65	117	24	57	
107	82	69	58	66	117	106	37	116	33	95	83	1	
108	37	82	60	3	72	21	7	51	31	98	71	76	
109	112	106	26	70	68	46	60	111	31	43	47	6	
110	114	25	20	57	52	4	33	40	77	94	35	99	
111	28	48	34	16	39	5	78	95	53	115	17	119	
112	104	57	44	69	34	54	85	29	30	80	84	49	
113	99	48	103	13	85	18	72	100	6	42	55	105	
114	12	52	22	45	6	65	48	29	55	70	17	85	
115	81	82	23	107	22	60	54	98	11	43	97	68	
116	48	70	34	97	28	36	106	77	108	72	22	57	
117	20	104	83	8	107	10	111	118	58	56	99	84	
118	37	63	87	70	34	59	38	36	86	97	22	26	
119	104	29	45	39	26	34	47	74	14	100	96	94	
