0	102	49	53	110	66	52	119	40	85	30	61	69	
1	67	87	16	21	84	71	27	72	48	0	57	60	
2	42	98	113	51	26	119	68	25	79	105	1	21	
3	85	56	110	78	35	88	49	104	48	74	23	86	
4	0	58	118	34	41	49	86	83	91	36	62	38	
5	87	29	84	89	78	73	28	12	110	65	37	1	
6	17	44	103	69	14	93	98	63	28	41	84	104	
7	108	12	41	28	23	92	112	32	102	91	52	58	
8	112	71	68	77	63	109	105	14	106	48	61	84	
9	111	7	55	106	60	14	51	66	0	88	102	86	
10	35	40	73	5	27	113	115	28	88	17	68	43	
11	117	23	66	26	64	107	7	24	15	73	83	99	
12	82	37	85	90	97	71	102	88	31	2	61	78	
13	51	0	84	15	87	67	5	61	117	26	63	54	
14	74	102	61	15	68	58	118	88	55	17	1	109	
15	93	4	1	28	103	32	70	14	49	40	57	108	
16	88	89	27	37	41	102	13	68	34	31	32	33	
17	67	15	96	49	11	81	71	66	3	14	104	0	
18	1	80	34	3	109	115	119	10	95	89	108	65	
19	11	31	48	51	53	111	97	78	87	85	10	52	
20	70	2	52	3	23	33	75	99	81	66	73	80	
21	35	80	12	88	89	85	1	31	0	78	56	34	
22	54	113	37	4	63	77	73	38	20	60	99	9	
23	92	94	70	63	62	98	36	10	30	3	81	101	
24	51	15	41	82	81	117	100	44	50	85	0	119	
25	82	93	48	36	35	40	37	17	62	65	98	80	
26	83	57	12	39	3	85	81	104	84	116	80	101	
27	80	98	112	19	50	95	79	59	68	54	8	0	
28	67	1	63	45	20	103	26	54	83	22	50	18	
29	106	90	8	105	104	53	70	111	10	12	57	9	
30	1	38	57	24	92	43	117	60	103	2	25	58	
31	20	67	57	105	82	38	90	27	92	103	61	114	
32	53	50	99	28	49	35	18	54	3	102	67	98	
33	72	35	1	18	66	119	67	36	113	65	8	17	
34	5	99	84	52	104	25	45	16	98	92	97	55	
35	75	84	23	54	56	29	73	13	74	61	15	43	
36	27	37	72	113	42	95	5	94	17	23	14	75	
37	101	92	113	48	93	24	47	87	31	107	30	112	
38	110	75	115	83	28	67	76	99	52	50	65	37	
39	23	110	16	42	92	55	111	91	101	83	81	47	
40	112	116	50	85	46	21	55	12	82	101	77	28	
41	52	35	44	100	22	91	69	38	46	15	42	119	
42	94	26	110	51	48	41	69	9	12	10	81	98	
43	28	64	1	83	69	68	82	60	17	97	104	49	
44	40	11	53	36	19	52	6	63	48	28	115	35	
45	33	99	106	29	35	71	38	39	22	43	28	26	
46	34	83	30	109	43	110	10	80	7	118	51	99	
47	99	23	97	93	94	50	33	68	113	106	72	64	
48	103	44	27	87	83	35	119	45	109	43	59	74	
49	101	47	83	59	90	71	22	12	77	64	46	95	
50	83	87	31	85	72	23	68	20	82	57	70	86	
51	30	23	38	15	60	66	72	55	50	44	104	107	
52	97	110	109	8	11	114	83	69	55	54	19	56	
53	20	78	3	64	47	83	65	112	37	91	42	24	
54	60	118	91	29	82	32	116	12	6	3	17	80	
55	106	23	66	12	97	107	1	50	47	119	109	94	
56	38	83	77	47	29	21	32	3	31	30	28	88	
57	23	116	49	15	81	118	64	41	61	58	11	115	
58	56	66	55	21	5	94	111	105	3	76	51	31	
59	115	83	53	15	89	31	101	35	103	61	18	75	
60	90	20	59	46	4	9	111	84	104	34	107	103	
61	117	47	72	10	43	46	93	83	77	39	94	3	
62	3	72	0	76	64	68	27	47	17	45	63	5	
63	72	75	70	112	74	37	17	35	101	79	93	29	
64	15	87	35	79	78	102	44	85	72	80	55	37	
65	72	102	77	67	94	46	71	80	55	43	28	6	
66	96	111	34	35	11	85	43	39	68	3	1	58	
67	51	115	52	105	93	44	104	39	107	81	16	29	
68	85	62	66	56	20	26	72	75	88	97	38	78	
69	73	65	36	114	3	118	80	53	115	51	113	57	
70	98	13	71	25	8	106	113	43	51	107	39	4	
71	119	94	98	88	80	87	104	41	118	15	44	75	
72	64	93	30	77	55	34	94	33	104	97	67	57	
73	65	86	89	9	81	45	95	75	53	97	0	11	
74	15	1	48	26	39	61	18	72	19	82	73	41	
75	20	11	96	116	28	87	104	112	16	71	103	115	
76	115	9	32	44	66	113	23	105	49	97	104	67	
77	109	19	100	75	84	54	83	70	50	21	51	45	
78	14	117	23	40	28	118	116	93	3	43	83	65	
79	69	11	3	86	117	35	41	39	89	114	80	44	
80	65	3	28	84	114	94	68	23	82	47	95	117	
81	85	101	21	24	50	58	80	76	15	103	87	86	
82	34	42	97	108	18	15	66	79	57	101	28	39	
83	17	0	24	116	51	38	101	22	49	95	47	106	
84	21	94	34	93	107	58	102	29	77	108	115	26	
85	110	40	71	45	65	88	54	104	51	47	30	87	
86	114	37	71	111	118	82	58	11	4	107	92	42	
87	86	58	66	8	78	88	48	84	35	116	73	67	
88	110	45	26	51	64	6	81	77	52	103	9	113	
89	98	30	58	23	51	57	22	115	74	39	106	114	
90	96	78	13	0	3	73	36	74	111	70	85	112	
91	3	52	93	106	81	45	13	64	44	40	20	37	
92	61	116	30	0	8	86	95	118	38	60	15	9	
93	27	9	83	48	94	61	15	2	39	22	44	116	
94	74	10	58	47	87	105	35	96	70	115	60	45	
95	28	24	69	57	97	27	103	59	35	117	20	38	
96	100	36	50	78	21	115	25	27	74	72	45	31	
97	79	91	57	74	77	47	68	24	48	89	108	117	
98	20	7	77	57	25	30	112	92	76	106	22	67	
99	52	67	96	77	107	109	47	113	55	115	64	110	
100	73	48	57	66	28	29	47	19	94	11	103	5	
101	76	7	23	113	32	50	82	19	46	98	104	35	
102	116	81	72	59	76	88	51	86	48	22	103	107	
103	57	107	113	86	41	6	17	22	43	44	98	112	
104	114	19	22	76	5	49	80	40	119	29	112	73	
105	5	117	87	0	71	77	7	107	79	62	27	109	
106	86	114	32	51	87	109	61	34	39	5	115	48	
107	101	106	53	112	11	47	93	21	92	86	15	71	
108	30	50	4	15	110	22	113	10	115	61	88	25	
109	67	89	57	66	70	111	26	91	10	13	84	52	
110	48	28	71	19	4	12	101	88	62	83	113	67	
111	79	62	26	69	46	31	35	21	92	23	85	68	
112	68	37	78	59	79	88	4	75	22	10	45	20	
113	18	37	65	67	90	34	54	89	48	66	82	26	
114	46	31	79	117	42	105	38	8	37	83	64	44	
115	14	55	91	102	111	113	86	74	97	61	52	58	
116	81	54	104	49	1	96	114	32	14	106	40	35	
117	92	55	54	60	7	65	52	58	68	32	70	113	
118	88	82	23	32	22	19	54	99	93	80	65	104	
119	17	70	41	7	39	96	49	69	107	65	15	66	
