0	180	107	450	440	338	94	385	25	443	193	153	454	341	33	331	140	257	169	43	358	99	299	292	57	
1	238	100	405	379	11	322	253	186	34	189	102	93	106	290	268	203	110	117	444	432	84	109	72	339	
2	12	391	276	450	197	129	336	397	328	116	418	307	224	48	396	448	381	46	209	217	478	37	248	437	
3	304	385	214	430	113	177	263	152	314	320	316	370	61	326	124	91	396	191	36	423	410	273	82	69	
4	121	320	275	372	80	51	181	253	396	119	2	427	128	36	225	446	24	132	98	19	400	344	183	134	
5	420	87	101	149	264	185	155	71	217	147	99	460	308	67	407	359	197	270	437	169	162	168	277	192	
6	441	308	283	48	391	333	73	192	75	324	86	440	459	4	10	53	82	207	15	152	175	162	83	212	
7	291	46	148	383	27	93	326	298	436	260	283	115	35	184	417	477	243	194	364	189	336	469	278	277	
8	228	63	452	70	288	383	267	225	222	118	338	448	68	257	378	371	76	454	316	157	396	113	256	108	
9	336	408	437	48	182	243	321	307	92	435	293	318	21	118	373	455	277	205	395	45	200	35	316	291	
10	200	251	171	273	175	441	61	151	329	228	77	83	333	138	417	101	462	389	381	81	141	220	22	229	
11	402	173	201	348	251	458	109	66	403	33	327	217	6	320	284	443	340	409	108	225	165	34	189	195	
12	60	32	22	257	175	230	205	450	246	408	99	154	97	117	430	273	85	471	98	444	271	198	65	186	
13	349	122	161	292	164	413	53	143	408	213	354	475	259	36	40	120	127	15	451	46	392	184	195	95	
14	101	340	311	396	385	81	163	251	223	317	307	310	426	195	430	279	107	439	367	99	318	404	144	53	
15	103	3	40	125	1	447	279	360	343	23	287	257	311	83	86	440	323	411	473	322	234	468	34	354	
16	119	205	445	135	136	281	88	341	130	317	409	41	354	141	52	407	55	210	29	149	367	463	155	158	
17	239	68	30	336	422	466	243	407	292	160	405	430	40	29	230	386	215	359	62	250	340	203	418	148	
18	172	270	345	209	208	236	443	52	297	127	460	295	7	451	424	318	378	343	254	416	325	230	354	68	
19	176	135	318	184	29	449	393	71	221	83	442	252	196	436	286	290	378	374	169	303	115	272	425	320	
20	34	476	161	294	201	189	117	97	84	390	289	396	71	183	431	281	372	265	41	382	402	365	11	81	
21	170	111	29	48	52	353	224	420	418	149	262	423	27	42	7	67	299	460	208	285	120	341	31	402	
22	344	24	269	384	162	128	299	168	450	372	273	338	433	477	146	115	292	203	148	395	259	469	287	81	
23	125	160	403	275	282	386	479	184	241	8	143	457	348	20	38	79	11	332	222	273	14	298	435	270	
24	38	436	58	393	70	389	308	466	428	49	342	404	328	87	405	327	288	311	257	8	435	35	303	348	
25	439	252	126	218	429	398	394	270	365	61	341	164	355	210	338	278	179	271	13	401	432	194	361	172	
26	80	302	131	138	111	195	273	282	306	383	394	166	171	254	234	72	475	15	472	318	86	229	71	97	
27	389	271	474	210	81	43	459	374	383	246	269	324	439	358	176	348	426	124	262	219	179	84	228	364	
28	349	127	74	449	325	179	71	130	225	289	151	228	1	8	238	190	21	104	249	217	432	441	195	326	
29	107	285	117	340	333	275	322	233	173	34	306	105	389	445	190	74	459	331	207	103	2	313	172	379	
30	140	175	400	33	355	16	95	318	362	97	58	193	387	269	145	106	226	200	57	169	129	275	382	392	
31	21	352	283	172	97	22	327	151	106	215	146	402	44	320	336	298	171	272	85	24	173	2	5	68	
32	355	223	397	144	15	10	387	231	220	207	342	174	395	472	371	331	152	390	139	92	346	449	407	104	
33	235	76	57	85	426	349	260	316	381	268	414	379	346	137	132	10	264	115	143	367	193	390	183	149	
34	187	181	149	155	200	153	333	297	90	168	428	424	203	265	46	371	220	7	323	316	100	370	452	44	
35	16	287	366	352	154	105	82	136	358	215	401	368	64	405	246	293	240	25	429	57	239	267	175	393	
36	217	452	65	285	3	310	318	47	46	268	146	176	156	467	8	7	194	474	422	27	384	54	152	51	
37	205	41	74	284	182	196	26	396	9	394	173	420	12	384	475	116	288	66	24	339	317	33	0	177	
38	229	354	305	414	312	53	78	71	419	456	28	103	224	443	300	160	220	467	155	138	156	211	54	363	
39	322	168	193	392	333	228	58	90	320	133	452	343	220	357	47	431	353	297	327	89	18	389	226	445	
40	296	195	304	413	457	90	187	43	372	34	141	280	414	166	243	432	445	282	65	292	390	367	310	456	
41	434	165	289	158	7	452	370	84	192	408	8	92	170	178	147	278	266	260	455	436	444	103	17	4	
42	8	439	358	244	15	159	281	409	387	407	465	337	60	203	186	102	72	414	154	438	162	463	136	146	
43	103	187	24	292	453	355	185	181	309	399	77	298	243	299	444	362	208	218	184	29	350	445	360	324	
44	74	61	289	107	475	433	431	194	185	403	214	456	335	145	377	201	144	325	187	299	472	103	132	291	
45	85	33	134	422	323	288	315	34	120	195	348	281	436	290	326	96	50	366	244	448	152	109	275	196	
46	55	24	403	281	309	141	14	129	307	170	84	280	182	368	83	69	143	221	389	74	304	234	327	191	
47	95	249	13	281	361	46	85	177	345	91	121	130	265	384	137	179	312	306	408	406	124	155	399	442	
48	451	318	473	372	78	400	38	162	262	418	230	196	347	178	170	375	71	32	424	294	182	90	258	163	
49	326	311	259	406	172	72	169	53	56	140	265	181	89	419	399	0	452	294	101	199	401	20	441	198	
50	336	340	21	248	265	439	445	79	410	422	44	298	83	123	105	227	55	386	92	276	329	450	256	218	
51	448	223	441	152	226	360	191	80	268	189	269	190	121	301	340	39	297	37	221	446	140	61	204	104	
52	331	176	230	200	326	267	304	282	28	323	345	324	204	251	10	24	296	94	450	370	316	349	359	18	
53	361	269	82	165	218	60	69	365	314	87	41	325	72	334	91	4	315	291	35	396	449	421	290	155	
54	369	27	392	242	275	291	106	450	355	21	462	424	218	408	16	353	239	341	357	448	413	299	318	190	
55	167	421	431	49	121	105	81	96	304	51	196	86	29	225	249	182	422	80	303	14	391	60	174	439	
56	114	303	250	164	178	83	30	291	403	55	66	395	108	415	163	176	110	81	355	107	39	77	351	171	
57	112	148	321	284	313	232	470	266	107	159	268	472	460	182	21	194	424	224	237	28	383	412	430	106	
58	206	40	411	368	436	47	24	195	90	157	14	185	52	355	160	215	315	390	462	366	209	212	314	107	
59	351	92	233	297	129	349	203	426	421	383	158	166	47	418	144	227	417	468	357	358	377	391	440	393	
60	476	34	452	365	433	470	325	178	180	282	165	478	61	463	312	272	122	249	56	184	141	64	220	479	
61	8	132	185	78	253	30	212	117	341	156	3	357	204	229	220	413	377	282	45	291	192	157	344	288	
62	466	238	309	473	144	148	378	289	436	250	443	13	364	285	397	328	392	387	175	39	247	14	74	384	
63	236	48	280	343	103	97	132	153	145	463	80	333	264	214	349	167	348	336	70	94	377	47	334	1	
64	422	297	411	230	109	210	323	163	92	272	38	65	44	267	188	192	100	17	208	335	168	237	2	166	
65	324	121	282	392	475	159	330	279	310	273	425	248	92	109	16	305	354	128	137	406	452	104	100	325	
66	116	350	172	399	114	244	58	440	254	475	104	320	458	361	265	291	403	57	471	126	113	210	461	179	
67	269	365	23	239	339	305	454	170	232	257	296	174	29	89	151	187	357	117	368	11	452	83	200	82	
68	392	473	154	104	156	218	132	234	26	341	83	93	193	350	219	85	231	236	273	69	257	119	321	237	
69	315	367	432	389	109	395	28	251	473	414	195	427	348	61	64	453	137	405	280	171	462	90	167	256	
70	12	469	94	384	244	155	270	463	85	374	423	354	55	216	326	444	7	366	47	156	213	440	439	21	
71	475	184	357	383	255	425	218	76	410	146	110	93	346	27	285	117	100	31	2	238	190	3	355	43	
72	461	294	173	462	186	154	129	43	475	178	239	477	379	226	24	9	144	414	240	200	196	341	102	339	
73	286	89	40	38	280	46	310	467	238	153	340	317	134	208	272	74	158	133	345	103	268	255	342	17	
74	140	479	11	42	24	353	218	257	107	29	104	112	365	75	412	249	325	459	73	303	355	168	472	91	
75	394	74	402	336	165	268	180	240	175	204	439	420	223	378	181	76	36	403	16	176	244	266	438	282	
76	326	71	291	259	188	149	199	10	294	87	74	236	131	59	238	304	40	242	84	230	94	353	292	332	
77	322	416	185	388	429	224	366	63	394	449	163	441	19	229	448	135	120	168	288	459	37	54	82	392	
78	123	158	460	302	347	140	349	461	323	417	211	327	255	44	216	365	384	27	386	435	290	35	418	77	
79	230	35	457	308	270	59	374	209	396	34	473	60	238	25	66	470	351	203	31	165	283	371	240	443	
80	420	158	219	114	371	50	129	123	140	432	336	408	245	118	474	70	392	167	358	127	198	335	262	414	
81	239	258	329	132	336	260	465	251	252	463	295	217	382	176	78	456	77	210	21	324	417	192	113	100	
82	101	325	171	412	398	246	309	418	139	306	163	432	126	169	248	137	202	27	190	223	300	98	26	341	
83	239	275	319	129	347	449	162	276	142	354	366	60	77	214	185	362	445	165	246	240	333	41	13	301	
84	214	204	328	108	198	466	431	169	185	410	182	406	10	385	373	30	168	104	249	264	364	24	317	362	
85	355	11	333	358	236	408	271	265	297	77	8	212	456	243	430	308	432	130	301	407	9	466	330	222	
86	383	338	326	51	3	348	197	157	50	8	175	273	442	1	279	75	315	277	410	286	330	336	234	296	
87	348	11	76	329	352	33	415	438	397	227	158	137	31	332	8	123	476	215	94	117	380	112	140	99	
88	8	232	299	458	66	109	454	188	166	313	476	73	463	74	198	376	92	146	282	247	277	240	303	431	
89	73	63	417	315	461	119	186	91	270	323	195	279	370	362	409	374	340	5	95	381	469	167	301	468	
90	137	65	452	139	272	386	415	159	423	322	170	346	384	64	439	185	367	202	15	82	231	158	390	117	
91	37	399	466	434	10	394	29	219	367	186	25	364	116	8	115	360	313	423	267	198	273	271	355	236	
92	180	168	246	314	212	106	332	330	466	322	107	54	209	439	431	347	331	46	221	61	36	203	84	395	
93	444	153	38	293	136	44	294	91	355	324	193	55	309	402	381	357	49	274	51	406	364	123	167	217	
94	456	168	49	266	113	120	416	290	127	430	190	103	174	261	104	216	241	182	136	193	343	132	385	45	
95	141	22	14	347	388	138	70	436	404	104	355	124	417	21	451	231	445	137	399	270	46	259	250	98	
96	177	123	75	129	159	344	191	70	47	260	136	453	413	92	443	183	9	172	211	163	475	108	446	358	
97	163	453	69	354	131	99	72	286	312	358	409	477	106	68	357	353	396	242	46	133	202	362	144	284	
98	331	118	127	50	97	143	354	34	73	465	402	431	330	306	225	310	449	17	378	160	315	106	413	265	
99	447	46	284	404	304	97	368	174	94	2	75	34	122	112	386	253	327	185	199	384	475	131	370	381	
100	228	299	116	114	440	146	249	125	185	158	370	321	290	323	327	403	434	413	245	115	442	398	136	150	
101	47	37	48	469	100	366	29	347	179	386	350	131	86	355	219	265	239	412	198	359	188	3	174	382	
102	203	155	117	87	207	61	356	106	83	408	318	319	142	118	307	116	377	129	470	287	381	454	336	179	
103	272	184	22	200	449	88	57	342	434	404	381	322	294	334	204	317	379	479	363	425	217	220	13	446	
104	331	407	423	396	366	456	389	97	168	78	187	109	123	80	349	420	26	169	83	323	59	196	231	119	
105	110	388	193	283	77	424	309	65	436	45	251	83	466	275	448	185	32	68	219	221	146	195	462	12	
106	98	159	162	152	326	349	288	53	431	167	188	49	114	228	90	457	473	251	177	47	267	36	384	292	
107	448	162	141	71	433	125	48	293	456	359	98	445	374	319	471	454	4	406	109	403	44	165	438	9	
108	206	177	130	460	234	15	213	113	450	470	273	24	333	316	57	441	291	368	282	189	125	19	175	266	
109	450	396	334	414	57	147	274	93	406	402	54	64	214	38	466	264	265	329	44	238	183	1	419	135	
110	81	386	366	157	328	400	368	56	440	4	173	380	255	251	243	276	198	12	54	86	171	355	35	22	
111	116	323	235	392	394	419	86	307	173	254	129	422	475	281	26	409	230	246	368	276	95	107	12	330	
112	33	347	409	168	177	102	137	462	260	189	179	127	194	289	340	106	236	169	181	310	87	314	330	63	
113	254	378	271	292	249	13	263	136	460	57	466	121	154	296	322	280	341	397	394	278	409	330	216	188	
114	122	338	5	46	59	426	74	368	160	22	341	169	38	17	252	167	209	316	100	391	251	343	424	380	
115	477	404	398	76	411	200	331	304	162	29	429	299	436	62	0	293	139	237	23	186	128	232	467	43	
116	140	345	117	21	410	312	42	325	83	187	154	395	384	214	322	133	26	113	62	305	279	339	98	192	
117	149	221	449	12	19	408	430	140	384	204	129	6	24	114	381	100	237	16	10	354	84	26	326	253	
118	147	145	169	286	467	323	213	203	183	254	248	239	9	141	344	321	116	260	47	42	371	190	26	289	
119	105	388	108	58	115	241	392	31	379	308	270	92	430	214	53	225	176	285	347	420	399	185	5	85	
120	251	315	214	34	181	174	27	441	96	154	334	25	209	114	391	79	465	457	89	331	227	328	224	176	
121	359	478	154	272	382	23	371	247	431	207	102	425	361	1	355	266	379	136	96	109	349	377	174	34	
122	222	369	401	437	431	223	163	360	186	405	288	25	404	418	423	22	162	329	99	178	283	305	11	248	
123	144	158	263	288	73	384	212	114	234	137	165	118	262	379	386	299	103	30	199	398	447	13	246	48	
124	338	396	434	178	202	139	121	268	269	174	84	468	76	299	428	61	189	371	479	350	267	21	179	373	
125	300	448	362	172	212	167	343	186	73	298	241	333	342	402	197	198	227	124	240	133	69	59	301	264	
126	338	183	204	366	248	410	132	65	334	429	170	371	235	350	322	327	53	69	278	276	445	200	229	422	
127	458	347	221	69	179	75	76	26	177	413	211	238	371	370	349	182	244	367	398	45	330	378	31	288	
128	64	167	41	271	391	404	242	265	81	163	411	254	5	465	251	258	173	285	39	358	37	165	476	12	
129	127	416	251	99	437	268	209	406	340	423	220	447	244	231	9	335	46	367	67	467	365	238	338	439	
130	315	164	59	203	397	5	183	132	449	429	307	337	220	412	3	4	401	138	83	110	69	280	73	75	
131	370	202	363	154	233	281	449	272	315	292	348	77	474	199	279	143	347	271	93	134	415	140	428	328	
132	466	360	184	69	403	439	338	285	438	207	138	209	358	282	51	408	367	298	166	435	122	173	458	355	
133	186	289	243	249	328	330	104	238	10	1	426	404	175	145	173	194	90	185	250	383	317	343	221	129	
134	450	229	375	224	88	424	358	46	444	434	94	126	417	31	128	190	17	35	318	391	302	353	96	274	
135	222	446	389	141	295	436	237	143	119	171	279	168	327	5	71	348	64	185	369	479	388	349	373	282	
136	331	200	274	162	150	288	355	227	120	463	474	121	201	188	429	365	323	204	161	132	261	404	456	311	
137	245	331	456	355	106	3	191	257	296	25	260	153	269	75	176	306	236	220	333	56	145	300	275	451	
138	277	141	428	167	445	251	242	453	115	262	198	172	22	257	93	420	173	76	13	28	363	180	10	361	
139	120	88	449	214	477	422	319	106	180	294	22	383	417	372	163	338	339	270	226	192	146	142	307	453	
140	285	347	478	399	346	178	371	131	269	327	108	158	244	316	376	90	228	163	323	375	271	447	52	247	
141	381	140	295	110	225	320	139	327	79	113	397	195	78	87	276	452	366	467	270	266	411	207	395	155	
142	146	72	425	392	51	362	48	334	184	219	319	90	165	123	69	241	417	106	309	271	4	43	20	46	
143	209	359	277	425	102	117	231	33	17	280	141	288	165	393	270	188	398	248	78	30	429	253	388	408	
144	403	14	260	157	407	75	146	388	237	423	477	405	148	20	394	284	471	229	270	293	440	297	7	350	
145	66	62	285	26	296	19	418	331	128	388	130	314	110	13	270	67	73	87	443	219	196	334	224	150	
146	261	53	253	333	376	174	452	147	420	133	439	307	152	204	118	121	127	236	184	13	49	461	434	355	
147	258	479	457	93	316	473	420	145	237	223	261	428	157	425	346	119	99	194	143	26	312	79	102	350	
148	172	241	73	151	215	460	95	450	435	104	350	426	136	55	33	18	328	185	154	174	381	93	146	287	
149	425	396	272	426	443	153	348	175	177	107	114	138	6	473	91	52	62	77	139	90	292	340	46	302	
150	113	337	261	60	368	23	427	96	448	343	253	118	442	22	474	50	147	227	391	209	420	136	182	399	
151	40	382	167	186	422	166	47	368	117	281	68	459	143	427	334	56	202	292	18	391	352	380	417	187	
152	61	84	238	19	59	11	112	25	39	81	6	286	413	444	382	300	243	284	22	439	185	50	321	118	
153	30	28	12	401	311	436	417	283	60	123	363	2	243	240	92	5	50	325	108	95	371	67	190	90	
154	108	216	312	221	114	90	474	66	199	175	158	422	132	188	171	396	302	69	446	38	421	341	170	432	
155	159	96	98	413	181	198	245	278	188	27	122	191	119	325	299	316	197	22	277	147	154	17	310	418	
156	271	314	404	131	433	137	455	233	126	287	11	16	150	239	468	165	355	8	74	136	370	247	305	212	
157	320	172	201	291	88	161	408	11	92	473	196	77	66	102	390	48	33	206	411	105	363	430	125	255	
158	414	383	337	332	342	88	34	70	229	276	206	222	326	470	296	398	394	189	445	68	66	114	17	143	
159	89	92	250	477	209	108	374	409	64	233	356	417	461	20	202	436	36	380	338	33	236	182	103	345	
160	192	169	37	344	186	176	301	104	401	123	285	34	453	248	31	374	23	177	321	302	287	149	461	25	
161	155	218	477	351	291	394	74	125	448	373	137	192	148	191	62	145	282	453	60	225	42	150	13	197	
162	408	31	180	451	190	423	113	301	347	317	422	47	443	15	216	228	378	252	344	77	4	140	130	292	
163	286	62	325	142	298	418	196	239	38	40	221	227	23	185	168	138	229	421	66	67	358	92	395	316	
164	159	33	172	41	168	251	29	51	336	430	230	467	0	170	36	127	388	35	175	356	360	1	218	21	
165	224	152	58	195	459	474	138	398	408	300	302	283	424	54	311	390	86	479	455	281	405	472	437	381	
166	282	280	19	145	218	200	14	313	436	224	278	472	178	434	318	66	235	388	102	267	461	100	24	292	
167	90	151	432	455	113	275	63	16	430	47	273	79	276	311	141	316	42	323	189	458	291	138	159	3	
168	115	412	450	414	461	231	22	451	352	70	474	99	105	161	234	143	337	73	382	20	255	262	201	11	
169	89	64	455	12	134	397	101	448	152	72	292	313	142	131	378	129	216	126	314	272	349	440	21	162	
170	410	389	353	137	44	320	441	383	432	419	453	30	168	86	155	179	449	68	326	400	19	276	70	450	
171	360	310	248	194	97	60	376	368	181	459	4	156	380	114	226	455	107	251	37	330	448	255	428	468	
172	128	287	396	442	304	47	202	311	28	258	126	213	25	63	235	452	207	471	150	67	365	338	463	375	
173	20	467	385	427	477	224	350	416	314	0	478	419	424	367	406	380	364	35	184	289	280	43	65	60	
174	417	146	396	7	12	108	461	440	384	65	0	112	37	456	203	172	281	180	200	114	152	263	354	41	
175	59	451	386	462	126	226	267	388	103	70	355	44	228	19	86	115	124	401	55	360	379	60	235	453	
176	167	28	448	445	282	19	299	200	405	207	467	130	22	228	38	110	253	61	302	118	34	101	311	156	
177	431	386	275	246	57	31	270	367	461	33	394	307	26	48	289	290	335	168	396	356	390	467	419	156	
178	65	52	70	320	179	421	284	295	419	355	153	164	269	424	466	41	185	251	145	16	1	303	48	316	
179	190	116	203	431	251	445	247	55	446	258	91	369	290	70	97	363	72	118	238	206	137	244	46	60	
180	431	373	148	246	37	455	257	33	44	88	65	74	463	371	382	200	25	140	432	129	102	178	47	215	
181	114	411	356	394	163	139	332	74	96	36	147	450	81	380	167	248	158	112	254	279	396	154	410	397	
182	330	134	236	439	171	290	88	154	116	180	408	244	313	112	35	369	355	74	271	450	181	233	11	303	
183	285	19	412	242	371	120	66	133	454	187	63	55	87	141	24	358	96	465	447	166	40	462	39	147	
184	44	250	145	18	141	274	146	228	43	272	167	1	196	439	22	133	104	60	310	472	14	40	183	382	
185	381	148	100	232	468	407	422	71	234	60	329	294	113	23	162	249	384	313	81	464	241	386	291	432	
186	263	343	348	260	181	308	243	304	379	387	94	455	114	238	368	125	171	49	192	255	82	436	203	161	
187	121	471	93	312	466	431	396	10	284	112	454	227	195	75	172	42	417	27	254	243	73	474	377	149	
188	262	441	351	94	479	400	374	198	221	114	51	2	144	37	280	410	15	240	124	29	246	10	307	311	
189	355	301	436	417	132	42	279	226	123	462	45	414	211	330	335	438	305	412	20	115	300	48	392	456	
190	31	6	218	147	124	118	341	196	35	81	82	257	467	330	171	201	384	406	370	119	198	15	419	458	
191	317	287	56	163	462	91	476	398	228	301	162	165	390	279	439	401	388	149	213	274	272	226	281	161	
192	464	62	23	404	433	270	364	290	126	228	181	456	304	129	222	170	40	88	477	158	220	85	289	390	
193	430	446	197	476	195	313	73	403	114	366	67	219	59	46	433	38	91	276	18	201	29	298	214	165	
194	82	112	244	390	69	153	475	171	40	406	42	391	243	151	67	231	271	206	253	310	461	407	250	349	
195	444	246	441	335	155	287	429	132	299	411	13	68	201	169	397	199	59	324	396	105	292	175	453	430	
196	391	143	235	78	49	399	273	234	402	305	226	50	103	329	251	35	145	322	113	16	351	388	238	208	
197	116	191	396	41	22	405	344	256	160	195	295	5	440	136	173	400	418	234	235	362	435	278	457	304	
198	297	390	453	307	281	168	234	323	40	316	101	173	62	222	372	226	280	37	288	26	61	107	396	25	
199	308	15	334	209	404	471	254	8	411	249	236	60	195	444	407	68	434	26	443	440	337	361	11	340	
200	159	91	128	409	230	66	432	212	367	440	386	3	338	222	65	213	465	259	463	370	325	60	155	376	
201	257	279	403	53	254	356	158	93	11	431	40	444	117	416	362	187	14	16	297	311	147	186	31	209	
202	428	405	445	295	147	162	81	100	409	129	389	52	293	328	296	282	190	86	274	421	43	5	450	0	
203	121	127	361	265	126	83	396	293	187	7	38	402	263	16	429	188	393	192	54	436	70	287	59	412	
204	189	220	202	462	423	68	70	129	472	109	466	102	306	166	180	186	333	148	76	458	239	55	122	252	
205	175	447	360	240	382	242	141	235	180	4	365	376	438	398	386	124	313	341	116	229	143	14	287	133	
206	390	120	213	21	287	279	124	84	452	442	220	184	265	149	105	278	479	359	470	455	358	261	465	451	
207	287	98	259	370	160	305	448	254	438	453	334	406	83	50	450	437	165	391	479	403	435	76	70	56	
208	303	438	332	445	384	419	294	238	82	286	387	14	204	131	350	92	450	116	277	331	298	19	217	288	
209	84	306	25	77	10	115	202	161	91	94	113	114	47	105	381	103	198	193	150	245	111	79	372	168	
210	183	282	238	228	30	462	245	236	144	187	2	195	466	321	109	49	412	11	320	360	38	377	43	456	
211	6	130	57	159	185	409	195	21	255	368	227	168	140	26	268	403	476	406	248	436	39	329	258	302	
212	246	170	149	140	245	452	420	199	425	152	156	137	259	385	279	147	405	412	82	29	389	295	348	96	
213	169	162	265	465	19	175	63	274	102	280	69	33	436	144	461	343	43	71	411	22	112	234	129	104	
214	195	44	336	349	126	401	35	318	168	74	471	232	158	174	279	132	49	252	341	305	280	2	377	356	
215	450	349	121	76	398	98	458	251	287	189	373	322	170	152	28	82	222	225	463	406	417	238	14	457	
216	377	439	34	2	13	150	233	21	87	149	479	258	451	312	285	332	120	190	256	237	442	296	236	424	
217	47	280	208	319	353	414	267	294	227	431	399	439	376	408	453	360	336	273	209	218	180	117	151	19	
218	324	432	254	463	319	341	338	67	100	147	161	150	163	273	132	422	32	0	9	420	29	259	81	86	
219	424	223	30	358	336	93	267	310	453	280	47	107	159	387	460	225	4	135	191	467	386	164	62	3	
220	41	101	59	270	322	11	462	218	9	150	48	432	339	246	348	368	145	228	402	450	119	473	385	176	
221	30	345	326	306	38	16	48	234	160	32	134	209	75	249	267	61	107	352	54	421	280	395	479	206	
222	45	151	280	359	466	188	461	321	32	320	312	248	467	254	155	86	262	341	372	392	101	462	354	77	
223	71	213	329	133	314	269	79	429	387	250	384	153	419	57	104	342	459	128	308	465	0	146	4	320	
224	388	159	6	440	127	325	237	247	102	229	178	162	441	141	468	41	346	75	416	378	110	26	15	245	
225	261	28	80	256	94	393	295	475	228	359	118	119	91	379	34	198	31	282	358	52	29	404	301	346	
226	153	314	40	29	211	92	145	370	419	2	64	451	215	271	188	359	315	114	5	374	312	416	207	91	
227	90	33	432	139	439	330	92	85	333	268	174	186	171	266	426	255	18	48	193	449	317	2	180	360	
228	127	339	125	63	140	152	394	259	219	412	235	313	426	213	143	101	451	182	105	377	254	70	25	75	
229	294	17	296	394	352	158	404	114	361	161	365	285	128	370	255	125	356	49	199	191	59	109	146	131	
230	257	418	193	404	440	93	6	77	319	7	392	10	100	428	162	164	63	57	123	22	342	17	382	14	
231	202	317	477	326	448	419	310	278	286	379	117	8	472	446	187	268	460	383	158	365	459	337	260	377	
232	155	133	76	310	264	303	85	414	418	396	477	14	321	451	156	456	46	42	382	153	213	172	214	473	
233	155	297	81	274	401	94	137	68	74	454	28	353	213	191	405	328	384	436	18	90	359	419	122	162	
234	431	267	129	51	108	66	401	29	193	397	113	27	104	366	231	430	245	157	155	298	438	475	447	14	
235	446	35	44	186	66	257	14	284	387	39	450	172	237	93	478	217	224	313	435	304	463	362	163	236	
236	38	166	170	127	242	249	367	438	184	355	2	81	140	20	381	178	440	423	294	473	269	342	382	139	
237	455	155	184	391	440	123	349	201	154	409	466	54	272	413	438	254	47	218	19	357	243	362	429	94	
238	302	361	129	237	3	321	400	377	13	21	65	36	473	108	205	267	125	436	155	43	134	79	305	229	
239	140	447	2	179	448	455	444	20	55	93	395	273	286	368	344	387	167	7	56	295	72	71	307	163	
240	75	92	441	451	432	218	381	353	253	378	323	315	233	237	10	169	57	112	393	402	456	224	281	287	
241	13	16	211	208	408	377	188	430	476	370	94	128	115	224	249	450	350	79	346	467	173	162	106	365	
242	479	135	394	411	265	462	445	390	220	156	136	112	194	347	53	453	137	404	158	14	228	0	424	456	
243	205	283	109	309	48	250	287	50	100	351	266	456	234	25	454	189	444	207	303	180	424	304	185	459	
244	128	214	137	193	179	61	402	101	293	11	121	94	306	478	210	319	336	419	165	219	341	105	23	314	
245	185	167	141	157	408	22	63	76	30	298	332	384	8	53	86	361	124	81	277	74	250	239	47	452	
246	339	433	330	151	22	116	477	198	139	210	77	218	291	454	215	458	367	81	104	58	432	253	181	129	
247	143	129	265	47	207	196	409	79	288	69	414	41	245	474	195	235	439	23	381	425	315	434	91	227	
248	209	357	350	294	95	275	235	246	462	463	63	234	228	281	227	344	241	106	32	178	77	466	435	401	
249	34	320	196	274	102	322	340	414	301	438	78	156	63	192	142	288	227	97	226	256	54	277	455	464	
250	167	247	411	8	260	278	287	21	371	395	27	174	317	394	451	297	434	119	249	175	361	308	429	39	
251	151	127	109	98	216	324	164	6	12	43	88	212	221	438	185	122	14	346	461	292	123	399	476	202	
252	368	160	185	421	45	413	161	168	458	178	390	340	216	21	109	38	106	452	277	148	47	282	152	115	
253	145	24	75	173	229	147	214	58	471	438	389	67	152	26	285	362	86	106	336	138	172	166	142	224	
254	117	260	126	107	39	349	109	144	29	353	149	4	415	348	297	132	477	71	315	199	291	86	244	451	
255	271	87	428	342	424	398	411	266	325	108	419	79	453	418	351	64	230	103	315	423	218	9	420	400	
256	9	50	297	32	362	425	391	328	7	179	165	409	339	58	243	237	351	87	17	80	347	415	52	164	
257	91	208	17	349	94	316	175	417	281	405	134	152	391	156	355	72	128	21	205	301	226	248	137	332	
258	241	425	283	452	284	106	270	423	418	464	310	296	405	339	276	446	10	217	38	194	55	46	86	259	
259	158	148	466	42	220	168	368	419	373	105	2	233	430	93	107	197	477	240	81	113	446	383	467	33	
260	135	244	317	36	254	19	186	455	361	180	169	474	327	113	403	344	61	131	28	65	467	200	216	394	
261	320	201	64	216	387	121	293	393	20	127	100	212	123	280	443	401	31	342	59	187	161	270	222	469	
262	41	305	123	299	97	441	375	379	290	455	478	148	76	426	115	158	218	322	68	58	372	37	34	203	
263	230	258	207	468	434	453	25	228	354	411	358	144	32	214	400	393	371	243	77	63	313	100	168	383	
264	421	165	95	435	324	118	252	168	0	302	206	450	383	299	428	200	454	247	216	8	394	351	116	198	
265	361	198	464	353	112	396	207	366	106	478	380	1	12	140	312	416	432	377	292	61	245	342	450	259	
266	264	242	215	174	258	363	308	0	50	136	149	466	445	362	137	355	255	52	8	451	153	465	140	2	
267	63	284	182	104	451	463	324	75	340	43	356	16	372	409	137	173	337	62	471	223	283	58	370	253	
268	437	181	426	441	53	27	44	125	399	383	108	187	216	145	425	295	43	19	50	228	364	264	265	380	
269	460	301	39	149	173	461	256	32	103	240	41	243	42	148	247	473	420	351	425	200	261	179	329	180	
270	193	35	143	162	53	37	135	159	206	105	340	146	263	233	244	272	50	0	166	207	185	138	220	164	
271	63	424	369	477	402	243	321	339	93	111	406	28	329	49	253	351	23	358	224	145	85	311	245	398	
272	171	21	425	6	109	431	311	39	112	61	10	437	144	120	138	105	283	72	444	126	38	322	422	454	
273	178	473	176	215	306	162	287	269	420	399	41	280	357	158	438	114	261	455	351	333	270	345	288	35	
274	165	138	106	76	112	91	171	467	414	263	478	183	355	459	95	144	291	37	417	406	460	92	227	318	
275	106	416	128	358	117	20	6	365	297	330	345	265	45	377	220	396	36	50	437	441	51	22	393	329	
276	465	241	347	303	396	246	331	68	33	411	101	273	418	450	379	341	4	277	374	164	119	53	42	272	
277	379	115	173	8	305	190	74	158	48	479	240	45	473	65	208	186	460	438	135	90	412	245	472	181	
278	161	264	127	393	205	293	193	146	66	91	455	105	385	144	45	331	37	104	374	59	50	137	450	426	
279	136	61	67	406	87	332	177	425	249	331	355	3	278	376	178	141	403	462	386	171	52	411	184	154	
280	372	467	419	31	436	105	221	477	120	416	429	363	367	382	113	229	306	418	443	385	366	344	25	293	
281	363	410	472	49	315	269	374	171	399	396	456	299	140	409	403	145	326	8	367	228	54	318	347	142	
282	24	304	406	233	46	243	311	70	313	14	240	246	19	225	212	286	373	438	393	82	303	318	110	178	
283	223	382	63	149	439	20	418	470	86	178	346	221	210	134	232	407	409	83	433	131	377	391	66	238	
284	221	328	402	290	153	144	199	474	392	219	156	249	403	415	257	252	373	316	67	269	477	211	270	441	
285	116	411	208	36	320	306	351	124	295	145	158	75	376	451	28	241	359	120	190	81	215	405	254	74	
286	381	174	147	138	290	150	435	350	265	54	86	429	338	28	382	453	190	116	277	468	288	244	94	67	
287	251	107	196	169	350	192	329	404	272	177	475	39	215	320	205	191	459	302	132	118	367	37	275	456	
288	193	348	361	404	303	87	40	262	460	334	218	210	323	175	191	195	396	102	138	277	381	28	45	255	
289	67	477	178	470	145	94	428	174	119	191	173	322	151	409	214	468	300	58	314	76	84	118	434	456	
290	345	446	244	209	335	392	433	229	237	415	280	426	49	410	184	98	292	132	128	224	440	348	218	47	
291	238	457	288	470	436	201	236	466	319	268	154	1	261	157	122	389	20	37	163	164	333	170	339	73	
292	3	371	469	45	320	40	190	381	295	360	125	99	335	385	377	181	100	257	123	108	395	137	397	119	
293	101	67	289	81	279	374	469	400	103	472	341	448	233	387	386	111	91	11	50	234	429	215	232	6	
294	269	68	357	259	411	462	178	160	436	303	171	156	399	465	297	56	214	73	313	385	21	258	76	238	
295	466	92	465	395	413	115	352	376	359	421	216	396	24	143	332	382	155	375	313	389	207	251	190	278	
296	152	448	78	358	166	349	328	132	163	287	113	19	438	101	419	279	389	397	79	327	88	460	386	384	
297	450	410	102	56	333	32	95	171	189	249	62	86	296	81	106	431	478	7	187	455	128	207	324	428	
298	172	116	400	81	412	418	273	466	48	450	245	339	9	199	346	137	408	234	68	219	310	364	73	21	
299	469	378	14	311	195	151	322	222	291	60	387	131	312	240	118	330	103	432	328	379	111	218	25	168	
300	128	156	79	431	337	440	108	418	411	403	179	361	55	144	355	54	9	400	421	50	216	111	352	320	
301	220	132	325	262	105	381	347	321	156	84	130	197	12	151	228	383	253	231	45	246	30	93	272	438	
302	244	283	464	35	227	76	161	259	394	68	54	238	207	477	403	67	393	390	439	411	60	381	121	379	
303	198	192	113	366	186	224	315	50	235	440	248	337	395	157	22	83	404	54	401	114	263	397	441	206	
304	83	6	406	290	377	463	169	439	430	281	405	87	448	135	382	389	92	4	49	331	47	186	68	308	
305	171	320	223	475	269	468	347	35	317	361	202	393	310	66	312	87	262	32	208	315	56	24	450	55	
306	240	201	67	25	118	12	341	142	56	269	41	339	393	89	258	140	462	120	380	121	378	477	461	5	
307	376	60	426	256	105	315	109	48	431	44	438	4	202	186	368	265	448	66	86	288	418	5	53	400	
308	269	187	179	280	430	105	400	392	394	341	236	48	349	474	9	344	65	152	147	242	305	77	61	429	
309	206	202	270	268	290	447	92	151	355	89	471	239	58	461	9	423	197	285	146	250	90	446	344	237	
310	146	257	429	52	13	5	67	233	139	57	414	431	240	0	200	24	474	369	391	358	82	129	140	401	
311	417	325	46	73	326	18	214	29	293	328	475	347	97	79	305	376	237	192	158	114	0	103	45	276	
312	39	8	391	346	160	384	350	86	100	12	395	50	419	304	251	215	343	465	390	365	259	417	260	217	
313	235	308	147	118	252	205	351	424	388	470	446	286	268	325	27	68	283	19	349	348	253	336	36	67	
314	149	84	231	394	153	21	87	64	456	441	250	260	144	320	196	302	478	57	468	207	73	170	9	58	
315	13	401	183	98	476	300	377	166	303	278	9	75	291	275	174	425	66	46	438	73	190	288	36	358	
316	372	203	176	274	265	28	239	225	56	72	6	150	282	34	286	476	223	206	293	101	7	77	234	120	
317	111	466	0	263	208	201	374	119	75	215	41	161	421	324	376	216	340	279	88	460	410	448	137	174	
318	18	252	41	405	169	116	360	96	144	263	92	29	79	394	406	138	443	141	250	107	352	376	58	7	
319	85	377	404	450	168	440	147	234	124	22	425	317	359	420	334	223	337	59	458	41	409	206	180	228	
320	345	60	187	342	171	10	38	348	172	48	151	409	288	83	405	270	214	436	138	75	205	102	426	388	
321	215	133	53	71	477	326	159	269	260	169	270	304	398	118	451	380	131	263	381	360	178	322	314	135	
322	307	395	384	186	271	183	283	456	258	227	327	81	383	326	209	95	372	452	441	414	240	293	475	462	
323	259	389	334	183	421	109	395	60	282	387	466	50	179	189	266	243	344	155	296	302	101	470	51	66	
324	211	435	69	331	57	477	308	219	115	338	465	205	353	60	432	438	147	100	42	61	419	226	320	268	
325	451	247	320	295	474	158	461	445	9	416	90	125	242	104	139	91	22	431	306	303	280	369	60	6	
326	310	142	448	455	12	354	252	299	381	55	291	3	70	358	280	92	18	31	60	290	268	300	101	451	
327	377	16	111	182	231	149	279	188	65	422	389	325	475	10	86	247	117	107	362	424	317	304	158	337	
328	337	339	442	113	372	68	92	108	63	210	358	398	60	205	157	468	39	115	274	447	14	44	449	327	
329	22	87	345	209	62	356	29	36	200	163	107	56	213	93	123	144	304	2	10	202	174	66	280	405	
330	85	96	14	322	474	100	164	190	399	240	2	127	445	373	69	316	366	134	37	79	397	309	388	115	
331	317	458	435	475	105	479	463	181	243	408	60	451	327	422	409	62	232	427	77	90	459	222	386	139	
332	291	177	310	424	349	273	208	173	142	176	170	72	188	10	401	148	312	117	80	60	15	95	394	137	
333	220	355	125	142	240	445	104	130	471	285	138	83	120	475	237	345	221	298	132	8	53	239	144	459	
334	470	84	105	461	262	344	315	249	348	266	463	70	227	438	44	235	63	287	29	466	109	404	40	257	
335	360	271	466	371	38	283	224	378	290	182	97	117	270	218	354	276	458	406	347	318	341	255	70	240	
336	322	135	437	39	111	236	100	352	51	245	461	29	374	441	27	107	102	64	321	98	7	77	459	45	
337	138	317	469	74	449	265	27	83	81	50	49	319	233	158	404	227	146	61	0	93	264	402	452	105	
338	462	243	150	11	159	156	236	434	201	252	143	386	466	305	306	166	179	65	290	17	416	274	206	304	
339	117	89	324	462	99	119	146	393	448	473	419	277	253	220	204	292	344	225	388	435	144	334	41	421	
340	438	163	333	80	373	47	245	147	27	48	278	448	194	330	408	112	83	119	441	54	260	221	309	17	
341	323	198	261	230	120	76	37	142	358	275	346	12	339	220	212	353	73	311	369	67	27	408	355	364	
342	427	238	210	175	459	432	356	240	387	376	412	276	467	53	417	310	185	27	65	348	213	414	406	265	
343	395	127	231	245	201	6	50	90	74	272	41	16	410	299	378	91	443	160	115	355	295	336	454	5	
344	311	99	393	328	451	348	290	82	235	145	257	92	406	313	270	3	376	135	196	1	377	246	318	156	
345	148	357	18	348	477	6	251	259	295	475	24	165	447	288	132	47	340	38	33	40	318	144	317	184	
346	270	74	112	474	344	281	150	16	351	104	157	446	264	211	464	350	84	227	430	440	71	193	400	414	
347	429	168	180	362	328	449	334	12	20	39	95	145	284	41	297	420	174	15	161	85	172	129	262	90	
348	37	133	242	307	196	71	207	199	349	107	283	178	267	111	200	325	293	396	464	204	244	151	169	117	
349	187	407	43	263	154	92	87	465	306	466	152	449	202	55	457	278	241	393	215	312	229	291	358	147	
350	10	125	272	160	131	340	71	72	423	305	113	294	345	30	386	51	215	464	231	401	304	11	4	394	
351	214	393	417	117	275	439	320	250	352	449	370	373	52	15	139	448	282	207	83	204	390	278	446	304	
352	297	33	286	358	291	65	248	145	57	438	85	196	359	347	121	31	439	226	185	187	467	257	40	137	
353	183	14	339	277	395	263	207	49	335	309	79	175	151	146	58	334	442	200	155	154	326	188	301	470	
354	171	397	474	231	147	200	332	199	373	347	330	206	442	379	381	178	308	64	437	438	422	145	329	290	
355	358	61	414	121	130	397	43	198	257	150	218	281	364	402	240	305	204	209	122	342	460	190	409	100	
356	251	64	197	293	455	42	121	153	450	218	231	277	214	352	79	78	316	304	180	46	255	222	348	191	
357	114	117	163	297	378	173	15	198	280	110	376	323	312	326	232	115	276	153	62	160	472	185	359	59	
358	53	275	196	351	54	332	459	407	136	9	282	122	181	477	107	421	89	38	14	29	210	283	374	469	
359	374	37	370	242	266	43	479	365	304	18	316	345	0	4	255	134	410	49	198	230	58	212	81	46	
360	334	376	366	63	420	346	308	101	39	208	372	127	428	298	332	288	328	56	223	373	292	301	194	297	
361	148	130	279	390	164	478	383	92	373	268	166	389	78	245	395	244	169	270	227	359	384	311	348	70	
362	110	403	59	428	462	60	326	445	37	372	257	26	322	351	407	115	357	144	413	222	162	113	132	247	
363	264	360	290	85	134	104	145	186	129	403	157	431	276	422	286	321	293	160	357	265	440	391	148	144	
364	35	8	179	178	97	157	96	131	266	276	358	15	34	109	370	230	209	228	322	25	468	432	30	382	
365	83	267	332	186	50	308	351	415	75	17	335	403	219	24	239	371	316	80	443	184	20	400	122	108	
366	215	417	370	291	334	134	260	228	458	312	445	181	69	411	217	241	32	219	296	25	74	378	145	390	
367	164	200	344	35	258	436	125	88	308	98	421	41	134	350	60	225	101	208	58	73	323	305	102	30	
368	317	252	57	354	315	8	357	465	183	245	341	54	34	261	214	159	35	430	439	271	97	301	397	146	
369	324	381	218	54	182	104	303	441	272	239	285	306	34	22	3	339	364	281	183	26	77	48	72	76	
370	365	434	251	263	476	31	416	174	134	36	165	102	265	379	73	192	67	433	20	89	80	396	5	62	
371	338	108	237	404	273	400	250	118	6	413	150	96	18	411	81	76	468	65	316	315	27	50	472	471	
372	473	327	142	342	345	239	352	449	306	31	150	219	320	383	170	226	136	147	152	8	463	326	79	247	
373	132	220	103	189	429	251	229	90	435	306	453	40	314	434	59	407	169	307	328	382	433	72	356	170	
374	21	142	96	68	94	400	454	339	437	130	367	15	112	458	213	253	478	317	111	26	40	284	436	288	
375	142	351	112	161	400	82	139	370	118	366	237	170	308	104	102	332	364	200	205	32	180	317	70	105	
376	89	432	137	211	356	438	129	75	156	138	178	52	300	346	447	247	7	224	139	250	9	116	190	212	
377	320	319	266	128	171	243	15	208	1	186	411	421	310	237	438	380	313	423	94	10	257	216	398	395	
378	169	285	4	119	473	240	195	343	456	220	438	150	447	405	342	219	191	421	366	471	262	41	92	410	
379	14	30	27	298	310	278	287	343	197	175	161	200	268	358	220	442	203	359	375	279	9	260	114	315	
380	152	359	49	220	242	219	397	257	407	338	126	147	442	316	386	66	93	394	182	104	412	275	424	73	
381	54	135	123	376	97	380	315	411	337	285	289	433	283	414	188	346	267	363	161	46	75	149	40	335	
382	327	233	87	476	366	7	387	104	251	48	308	202	436	289	73	150	211	160	444	460	260	85	71	399	
383	78	219	7	153	53	311	447	77	159	296	64	310	319	168	461	141	177	169	8	71	458	108	465	212	
384	453	53	108	381	89	329	383	130	214	173	35	2	273	464	287	283	444	364	439	147	249	361	160	310	
385	144	387	248	224	159	45	20	413	402	21	378	47	307	10	208	17	291	59	468	442	458	258	461	195	
386	12	450	66	204	317	44	362	188	182	168	195	200	263	18	455	470	175	67	156	354	459	242	129	11	
387	122	84	324	171	190	63	95	161	10	374	331	274	123	273	168	170	258	242	423	43	229	275	263	101	
388	359	156	286	72	42	409	219	406	337	427	330	92	394	94	471	354	300	59	161	126	383	322	340	345	
389	332	5	147	430	94	440	252	202	288	139	82	281	224	359	331	73	193	402	228	17	336	243	273	249	
390	310	465	347	90	466	350	435	88	233	453	308	49	80	243	370	112	18	199	202	332	210	361	414	421	
391	76	24	286	186	138	320	184	211	267	284	204	255	206	410	128	29	172	447	469	472	107	10	25	183	
392	336	157	222	244	245	409	330	10	379	361	401	437	129	194	97	149	54	329	188	243	396	277	363	231	
393	270	151	464	249	467	472	221	358	450	163	37	377	161	302	43	154	171	367	268	389	157	250	195	123	
394	72	434	116	449	365	289	272	212	101	76	376	316	68	37	166	388	94	227	104	200	10	16	430	400	
395	454	98	327	413	59	108	198	258	131	469	363	277	297	10	191	357	48	399	0	461	214	155	254	138	
396	89	101	421	170	219	378	380	134	226	81	397	50	260	0	135	274	193	399	224	15	273	45	190	426	
397	64	355	24	175	54	454	312	302	28	305	100	7	444	178	349	356	104	291	456	363	350	60	268	435	
398	11	295	218	55	109	85	467	74	477	15	455	394	141	462	58	87	174	239	108	38	86	386	409	465	
399	32	194	190	145	51	330	477	335	328	453	355	183	358	231	40	462	112	410	182	261	66	252	301	430	
400	88	231	71	111	464	21	240	85	344	331	267	49	228	363	160	177	97	308	227	364	3	413	385	366	
401	109	137	126	278	313	91	1	129	411	331	114	6	353	346	418	100	286	450	332	280	295	347	180	93	
402	121	461	300	237	128	342	370	372	125	135	293	230	5	433	197	177	194	453	107	29	421	61	471	184	
403	478	288	201	271	234	226	84	95	140	10	111	205	255	25	46	210	106	8	465	316	245	144	348	305	
404	283	111	423	373	1	138	86	173	70	46	363	260	443	156	58	175	405	325	382	429	385	273	298	439	
405	134	35	258	338	231	332	223	123	321	14	244	16	201	102	67	302	49	270	372	253	451	191	147	334	
406	390	334	215	301	395	417	129	101	157	350	398	373	174	131	467	422	151	376	11	476	474	354	277	106	
407	249	439	332	142	60	424	80	225	67	365	404	446	437	130	405	378	347	219	358	210	340	43	32	135	
408	139	36	218	71	103	0	409	110	225	449	457	333	443	52	140	393	207	155	179	391	37	362	363	231	
409	105	370	186	238	60	189	42	169	426	377	36	206	285	441	449	357	400	55	221	392	38	351	45	231	
410	475	328	466	335	27	356	463	267	370	155	88	299	68	210	43	36	350	242	195	120	300	230	330	248	
411	460	228	271	391	67	176	185	449	335	478	91	124	157	247	200	398	380	477	399	18	76	64	333	470	
412	222	396	156	176	285	174	447	303	200	403	380	400	88	2	308	163	313	469	202	446	441	465	450	179	
413	420	47	37	468	358	385	174	158	371	277	382	257	111	464	63	207	244	120	264	179	303	48	352	229	
414	139	74	38	443	147	312	176	257	114	355	44	381	32	130	467	384	154	255	196	134	221	365	304	446	
415	338	273	365	157	310	252	164	307	228	185	112	473	288	183	451	347	109	436	218	332	23	355	106	95	
416	372	363	241	394	273	249	218	156	113	145	226	337	211	267	153	388	340	188	298	356	310	222	330	415	
417	227	253	42	36	232	407	40	39	6	259	365	158	430	70	122	55	166	182	220	57	71	415	129	460	
418	296	134	169	28	59	268	225	410	407	53	396	164	437	35	325	383	379	96	198	136	435	9	354	479	
419	405	32	14	259	115	455	427	433	91	347	277	327	102	375	328	475	189	116	424	343	471	414	416	167	
420	446	73	234	272	433	0	47	452	431	30	79	243	370	97	2	314	411	288	4	140	363	191	94	474	
421	363	443	205	388	299	155	302	224	479	50	440	22	276	226	48	367	201	168	441	208	444	436	137	33	
422	162	23	418	403	218	386	382	288	388	108	12	277	462	180	155	142	80	40	244	417	249	230	430	446	
423	393	353	60	309	385	231	137	216	119	160	230	67	334	441	195	345	38	93	113	80	51	311	145	452	
424	54	140	153	310	450	195	163	327	260	420	105	248	387	139	296	164	100	475	68	398	171	308	13	25	
425	131	359	448	375	32	393	80	452	451	391	134	243	413	250	326	215	155	21	329	178	184	280	400	331	
426	423	287	162	449	314	322	133	122	435	42	108	450	154	371	150	54	270	208	25	160	57	48	24	356	
427	358	192	157	154	439	273	163	28	402	59	435	67	386	81	302	233	248	88	291	434	99	164	216	168	
428	32	110	467	168	104	29	113	368	178	346	357	369	154	321	421	225	327	409	131	148	199	166	336	177	
429	1	393	376	391	148	273	190	285	59	94	304	438	286	358	95	84	394	281	141	251	382	320	200	439	
430	7	299	214	129	143	203	209	445	125	117	423	176	168	279	368	392	201	409	3	101	77	219	45	467	
431	126	308	284	374	226	327	443	321	478	239	79	165	307	5	366	262	240	108	350	7	60	447	382	91	
432	330	150	377	205	397	37	383	286	334	454	149	143	123	428	418	162	392	80	348	95	176	66	50	285	
433	72	372	309	148	131	221	268	183	129	109	477	293	149	255	162	448	36	175	29	51	160	375	427	468	
434	26	56	412	134	340	187	35	226	117	440	73	439	192	408	70	335	455	150	18	148	476	107	121	83	
435	41	362	46	415	65	168	417	122	310	96	243	80	11	215	329	388	205	475	256	334	478	81	193	133	
436	306	112	309	58	126	456	26	229	205	7	86	69	277	93	331	290	138	190	76	20	305	424	111	41	
437	216	37	131	195	292	51	132	33	362	387	77	192	354	95	462	320	473	15	126	427	102	413	274	116	
438	447	440	334	381	109	310	123	92	286	154	62	345	261	216	11	23	259	141	464	279	60	12	115	458	
439	333	187	219	146	221	409	414	23	322	176	103	139	278	130	359	461	165	238	197	268	33	435	191	265	
440	112	442	109	143	101	352	333	253	347	66	405	408	77	387	239	407	103	397	359	59	258	418	277	87	
441	306	43	80	384	328	156	106	302	105	467	373	281	419	375	176	54	449	409	118	259	222	185	245	326	
442	407	172	226	176	196	60	11	456	40	337	396	134	262	271	390	412	23	128	173	28	473	371	321	342	
443	106	228	32	64	118	127	57	316	333	68	340	121	412	401	393	238	133	126	428	98	169	300	319	468	
444	338	183	312	54	10	216	34	339	131	320	175	220	119	306	359	265	111	425	457	239	353	301	431	44	
445	92	260	50	100	70	267	81	434	67	164	239	55	153	91	118	178	323	435	324	65	14	43	442	392	
446	477	299	301	26	236	279	223	253	403	179	247	370	448	38	399	471	233	396	12	97	181	435	214	40	
447	339	410	417	328	20	29	425	317	330	51	378	276	422	160	374	344	243	235	375	137	228	82	86	398	
448	464	29	363	364	314	209	374	183	342	7	94	360	392	28	56	48	399	457	426	77	259	373	304	346	
449	475	234	62	44	210	5	327	26	330	274	126	380	241	440	220	183	452	177	1	279	433	189	319	385	
450	87	434	126	150	424	275	2	81	410	431	401	376	432	244	85	404	237	280	195	240	270	273	133	290	
451	50	29	215	394	290	274	361	453	313	207	424	287	38	56	223	165	178	385	30	25	227	297	59	9	
452	128	329	150	193	373	268	226	32	345	33	64	201	206	207	429	188	361	458	96	324	339	227	77	433	
453	463	4	269	201	189	219	385	90	286	182	180	436	249	49	33	149	477	364	54	36	424	1	279	290	
454	40	180	326	94	256	428	193	104	141	449	364	425	406	273	80	432	133	431	130	263	296	360	358	224	
455	130	281	430	463	289	63	120	98	21	214	154	197	49	181	192	68	94	433	415	146	337	126	7	304	
456	251	151	87	203	192	448	470	263	267	233	63	155	159	22	315	61	336	413	150	384	51	176	75	443	
457	84	411	225	460	103	208	410	253	33	449	425	165	391	206	164	82	263	384	37	102	85	200	31	89	
458	221	39	475	120	419	136	251	272	241	354	40	409	397	138	148	360	324	258	100	378	249	425	318	262	
459	43	85	412	131	293	398	183	477	470	253	103	185	31	44	220	426	173	334	127	446	254	471	180	465	
460	299	415	107	221	212	440	2	470	113	267	105	154	338	359	106	142	168	153	25	244	126	155	130	259	
461	240	108	287	226	215	365	23	7	0	171	279	60	61	253	165	323	154	48	433	216	306	257	76	150	
462	3	362	157	317	224	193	306	115	6	189	436	72	17	283	159	254	143	400	296	213	127	18	401	335	
463	162	128	468	260	318	224	341	340	46	297	145	33	195	56	26	102	25	44	421	432	152	180	371	79	
464	65	40	176	365	103	120	379	158	411	226	328	121	141	200	34	262	80	288	213	280	62	334	459	61	
465	187	143	84	435	286	23	428	381	173	30	376	279	457	55	145	198	202	97	420	244	364	385	89	314	
466	426	47	147	30	41	144	119	128	281	420	208	247	161	402	98	86	126	164	288	118	326	344	6	370	
467	220	97	340	129	185	132	189	84	252	14	198	103	24	280	82	65	334	108	88	399	293	356	404	172	
468	124	404	285	387	352	203	471	184	314	182	330	228	298	39	146	31	410	276	248	419	396	2	257	399	
469	245	35	358	457	238	190	388	424	329	276	112	353	429	381	479	341	435	9	342	121	118	414	159	99	
470	462	275	5	350	217	161	174	326	49	233	167	460	342	219	273	85	35	341	123	358	321	111	86	222	
471	410	214	5	337	439	307	4	176	191	362	405	450	64	289	157	34	183	213	118	212	108	252	82	179	
472	282	214	28	330	463	228	65	422	406	446	16	459	83	383	190	359	15	356	205	36	245	341	174	66	
473	347	131	388	228	421	19	395	362	454	313	351	169	73	36	308	176	41	452	300	282	235	186	409	298	
474	410	369	135	5	19	3	344	253	407	191	272	76	349	394	433	226	13	36	234	419	426	141	203	235	
475	431	296	317	436	254	62	272	345	149	198	276	123	419	387	331	228	217	111	159	394	163	471	337	23	
476	377	390	466	358	369	70	469	48	472	196	260	200	417	52	18	132	125	54	465	190	396	87	69	441	
477	178	154	441	455	13	344	16	106	326	294	383	378	102	407	217	231	139	321	426	96	156	196	393	435	
478	89	392	295	405	438	70	45	292	425	266	38	171	258	247	184	326	315	460	57	391	400	102	223	337	
479	326	24	66	54	84	443	77	370	4	95	393	10	152	235	109	264	70	302	94	139	252	368	274	449	
